990191259120697344

990612348212797441

989869443500118016

989838191439024128
990176850684112896

991198804207718401
989836956824567808
990176850684112896
989937079537864705

990908905600536577
990704899469070336

990969367041994758

989879982200631297

989835679755522048

989869347849023488
989823537170075649
990933259092709377

989921080528826369

990969367041994758
989891415550386176

989879379072237568
989880078120247297
991154152393846784

989876353444048899
989879379072237568

989849195854090241

991096966657409025

990933259092709377
989985545899167744
989835551720329216

989842327534436352

989890922317078528

991198747865600002

991058879881588736
989860120824860674
989891021956898816

989891415550386176
990908905600536577

989823537170075649

989860433791258624

990612348212797441
989985545899167744

989835679755522048
989914512240398341

990187920790360065
990223105997115392
989891021956898816
989828907280027649

989842327534436352
989836956824567808

989884533460819968

991058879881588736

990117503086092288

989914512240398341
989917293453946880

990191259120697344


991096966657409025
989860433791258624
990985018435620864

989843920040353792
989879982200631297
989540413534072832

990933200376647680

990257331677130752
989838149399580673

989876353444048899

990981930433892352

989843920040353792

989870196029616133
989869443500118016
990297870166355968

989898120380211200
989828907280027649
989869347849023488

990297870166355968
989838191439024128

990985018435620864
990117503086092288
989849195854090241
990257331677130752

991198804207718401

989870196029616133

990223105997115392

991198747865600002
989917293453946880
989792431339196416

989937079537864705
991154152393846784
989880078120247297

990981930433892352
990187920790360065

989921080528826369
989898120380211200

990252176785199105

990704899469070336
989884533460819968
989838149399580673
989860120824860674

990252176785199105
989656009034665984

989890922317078528
989793557950226434

990933200376647680
989835551720329216
